trial_id,logic_revision,study_profile,scenario_file_sha256,scenario_selection_sha256,algorithm,comm_model,comm_level,trial_mode,grid_size,grid_cells,robot_count,top_k_rate,top_k_max_cells,max_candidate_cells,condition_id,scenario_file,host_trial_runtime_ms,robot_id,allocator_calls,allocator_calls_pre_clue,allocator_calls_post_clue,allocator_time_ms_total,allocator_time_ms_mean,allocator_time_ms_median,allocator_time_ms_p95,allocator_time_ms_max,allocator_time_pct,candidate_filter_calls,candidate_filter_time_ms_total,candidate_filter_time_ms_mean,candidate_filter_time_ms_max,allocator_time_ms_pre_clue_total,allocator_time_ms_post_clue_total,allocator_host_runtime_pct,trial_status
22,dcta_parity_v1,topk_filter,aa0724188407797eae5187348bee11ee9f51317c4e8a201863b052786aa2f1df,823213c90703fd83224ad7122ee730ba64af3769ea517af252103bddd907f681,HIPC,ideal,1.0,clue_search,19,361,4,0.25,90,90,hipc_topk_25,/home/agxorin/topk_filter_study/simulator/scenarios/final_trial_500.csv,1409.712731,00,35,2,33,252.99171099999995,7.228334599999998,7.209276,10.7881,20.763738,17.946330868455494,33,160.77700000000002,4.872030303030304,6.285855,0.24852200000000002,252.74318899999997,17.946330868455494,completed
22,dcta_parity_v1,topk_filter,aa0724188407797eae5187348bee11ee9f51317c4e8a201863b052786aa2f1df,823213c90703fd83224ad7122ee730ba64af3769ea517af252103bddd907f681,HIPC,ideal,1.0,clue_search,19,361,4,0.25,90,90,hipc_topk_25,/home/agxorin/topk_filter_study/simulator/scenarios/final_trial_500.csv,1409.712731,01,37,1,36,295.57826099999994,7.988601648648647,7.174659,16.436559,20.749597,20.967269040006983,36,175.274295,4.868730416666667,6.44518,0.0724,295.505861,20.967269040006983,completed
22,dcta_parity_v1,topk_filter,aa0724188407797eae5187348bee11ee9f51317c4e8a201863b052786aa2f1df,823213c90703fd83224ad7122ee730ba64af3769ea517af252103bddd907f681,HIPC,ideal,1.0,clue_search,19,361,4,0.25,90,90,hipc_topk_25,/home/agxorin/topk_filter_study/simulator/scenarios/final_trial_500.csv,1409.712731,02,23,2,21,208.47574600000002,9.064162869565218,7.628408,20.659154,21.067864,14.78852686902492,21,116.507594,5.547980666666667,6.363886,0.137602,208.338144,14.78852686902492,completed
22,dcta_parity_v1,topk_filter,aa0724188407797eae5187348bee11ee9f51317c4e8a201863b052786aa2f1df,823213c90703fd83224ad7122ee730ba64af3769ea517af252103bddd907f681,HIPC,ideal,1.0,clue_search,19,361,4,0.25,90,90,hipc_topk_25,/home/agxorin/topk_filter_study/simulator/scenarios/final_trial_500.csv,1409.712731,03,19,1,18,215.86362799999998,11.361243578947366,10.505602,20.864772,20.864772,15.312596903829762,18,102.20507300000001,5.678059611111112,6.401061,0.070193,215.79343499999996,15.312596903829762,completed
58,dcta_parity_v1,topk_filter,aa0724188407797eae5187348bee11ee9f51317c4e8a201863b052786aa2f1df,823213c90703fd83224ad7122ee730ba64af3769ea517af252103bddd907f681,HIPC,ideal,1.0,clue_search,19,361,4,0.25,90,90,hipc_topk_25,/home/agxorin/topk_filter_study/simulator/scenarios/final_trial_500.csv,176.066491,00,24,22,2,38.674638,1.61144325,0.033576999999999996,18.952122,18.959129,21.96592763355521,2,8.688569000000001,4.3442845000000005,4.366376,0.763387,37.911251,21.96592763355521,completed
58,dcta_parity_v1,topk_filter,aa0724188407797eae5187348bee11ee9f51317c4e8a201863b052786aa2f1df,823213c90703fd83224ad7122ee730ba64af3769ea517af252103bddd907f681,HIPC,ideal,1.0,clue_search,19,361,4,0.25,90,90,hipc_topk_25,/home/agxorin/topk_filter_study/simulator/scenarios/final_trial_500.csv,176.066491,01,24,23,1,19.985529000000003,0.8327303750000001,0.0368715,0.055187,19.123125,11.351125865284612,1,4.765584,4.765584,4.765584,0.8624040000000001,19.123125,11.351125865284612,completed
58,dcta_parity_v1,topk_filter,aa0724188407797eae5187348bee11ee9f51317c4e8a201863b052786aa2f1df,823213c90703fd83224ad7122ee730ba64af3769ea517af252103bddd907f681,HIPC,ideal,1.0,clue_search,19,361,4,0.25,90,90,hipc_topk_25,/home/agxorin/topk_filter_study/simulator/scenarios/final_trial_500.csv,176.066491,02,24,23,1,20.119773000000002,0.838323875,0.037192,0.100426,19.190214,11.427372060251942,1,4.77771,4.77771,4.77771,0.9295590000000001,19.190214,11.427372060251942,completed
58,dcta_parity_v1,topk_filter,aa0724188407797eae5187348bee11ee9f51317c4e8a201863b052786aa2f1df,823213c90703fd83224ad7122ee730ba64af3769ea517af252103bddd907f681,HIPC,ideal,1.0,clue_search,19,361,4,0.25,90,90,hipc_topk_25,/home/agxorin/topk_filter_study/simulator/scenarios/final_trial_500.csv,176.066491,03,21,20,1,20.010611,0.9528862380952381,0.034136,0.067153,19.298606,11.365371619747906,1,4.869146,4.869146,4.869146,0.7120049999999999,19.298606,11.365371619747906,completed
94,dcta_parity_v1,topk_filter,aa0724188407797eae5187348bee11ee9f51317c4e8a201863b052786aa2f1df,823213c90703fd83224ad7122ee730ba64af3769ea517af252103bddd907f681,HIPC,ideal,1.0,clue_search,19,361,4,0.25,90,90,hipc_topk_25,/home/agxorin/topk_filter_study/simulator/scenarios/final_trial_500.csv,1538.564029,00,58,11,47,289.7377680000001,4.995478758620691,4.4865975,12.189641,17.213493,18.83170037377756,47,110.35700799999998,2.3480214468085103,3.161874,0.413829,289.323939,18.83170037377756,completed
94,dcta_parity_v1,topk_filter,aa0724188407797eae5187348bee11ee9f51317c4e8a201863b052786aa2f1df,823213c90703fd83224ad7122ee730ba64af3769ea517af252103bddd907f681,HIPC,ideal,1.0,clue_search,19,361,4,0.25,90,90,hipc_topk_25,/home/agxorin/topk_filter_study/simulator/scenarios/final_trial_500.csv,1538.564029,01,39,10,29,198.84694699999997,5.098639666666666,4.33823,17.224563,17.529281,12.924190560287691,29,65.18350799999999,2.2477071724137927,2.764997,0.39738399999999996,198.44956299999996,12.924190560287691,completed
94,dcta_parity_v1,topk_filter,aa0724188407797eae5187348bee11ee9f51317c4e8a201863b052786aa2f1df,823213c90703fd83224ad7122ee730ba64af3769ea517af252103bddd907f681,HIPC,ideal,1.0,clue_search,19,361,4,0.25,90,90,hipc_topk_25,/home/agxorin/topk_filter_study/simulator/scenarios/final_trial_500.csv,1538.564029,02,52,11,41,246.771821,4.745611942307692,4.489217,11.53985,17.508405,16.039099858612385,41,96.63482599999996,2.356946975609755,3.102367,0.41689899999999996,246.354922,16.039099858612385,completed
94,dcta_parity_v1,topk_filter,aa0724188407797eae5187348bee11ee9f51317c4e8a201863b052786aa2f1df,823213c90703fd83224ad7122ee730ba64af3769ea517af252103bddd907f681,HIPC,ideal,1.0,clue_search,19,361,4,0.25,90,90,hipc_topk_25,/home/agxorin/topk_filter_study/simulator/scenarios/final_trial_500.csv,1538.564029,03,44,8,36,180.80416900000003,4.10918565909091,4.481733,5.358996,17.378418,11.751488114376034,36,84.68615299999999,2.3523931388888886,3.092576,0.36580899999999994,180.43836000000005,11.751488114376034,completed
130,dcta_parity_v1,topk_filter,aa0724188407797eae5187348bee11ee9f51317c4e8a201863b052786aa2f1df,823213c90703fd83224ad7122ee730ba64af3769ea517af252103bddd907f681,HIPC,ideal,1.0,clue_search,19,361,4,0.25,90,90,hipc_topk_25,/home/agxorin/topk_filter_study/simulator/scenarios/final_trial_500.csv,1594.836412,00,22,9,13,116.170616,5.280482545454546,7.4069015,8.139777,22.101782,7.284171287155186,13,74.975633,5.767356384615384,7.587159,0.404967,115.765649,7.284171287155186,completed
130,dcta_parity_v1,topk_filter,aa0724188407797eae5187348bee11ee9f51317c4e8a201863b052786aa2f1df,823213c90703fd83224ad7122ee730ba64af3769ea517af252103bddd907f681,HIPC,ideal,1.0,clue_search,19,361,4,0.25,90,90,hipc_topk_25,/home/agxorin/topk_filter_study/simulator/scenarios/final_trial_500.csv,1594.836412,01,41,8,33,417.3184539999999,10.178498878048778,10.468467,22.218876,22.597419,26.166850145881913,33,190.33784499999996,5.767813484848483,7.696736,0.322936,416.99551799999995,26.166850145881913,completed
130,dcta_parity_v1,topk_filter,aa0724188407797eae5187348bee11ee9f51317c4e8a201863b052786aa2f1df,823213c90703fd83224ad7122ee730ba64af3769ea517af252103bddd907f681,HIPC,ideal,1.0,clue_search,19,361,4,0.25,90,90,hipc_topk_25,/home/agxorin/topk_filter_study/simulator/scenarios/final_trial_500.csv,1594.836412,02,33,9,24,260.49650099999997,7.893833363636363,7.68481,22.473798,22.595276,16.33374426617994,24,140.53852899999998,5.855772041666666,7.921711,0.371568,260.124933,16.33374426617994,completed
130,dcta_parity_v1,topk_filter,aa0724188407797eae5187348bee11ee9f51317c4e8a201863b052786aa2f1df,823213c90703fd83224ad7122ee730ba64af3769ea517af252103bddd907f681,HIPC,ideal,1.0,clue_search,19,361,4,0.25,90,90,hipc_topk_25,/home/agxorin/topk_filter_study/simulator/scenarios/final_trial_500.csv,1594.836412,03,34,7,27,267.289445,7.861454264705882,7.611433999999999,22.292333,22.293164,16.75967785716696,27,154.348062,5.7165948888888884,7.710461,0.28067600000000004,267.008769,16.75967785716696,completed
166,dcta_parity_v1,topk_filter,aa0724188407797eae5187348bee11ee9f51317c4e8a201863b052786aa2f1df,823213c90703fd83224ad7122ee730ba64af3769ea517af252103bddd907f681,HIPC,ideal,1.0,clue_search,19,361,4,0.25,90,90,hipc_topk_25,/home/agxorin/topk_filter_study/simulator/scenarios/final_trial_500.csv,1454.149022,00,46,7,39,241.23174400000002,5.244168347826087,4.347117000000001,11.419985,17.205193,16.58920374393375,39,102.140519,2.6189876666666665,3.804465,0.28835299999999997,240.94339100000002,16.58920374393375,completed
166,dcta_parity_v1,topk_filter,aa0724188407797eae5187348bee11ee9f51317c4e8a201863b052786aa2f1df,823213c90703fd83224ad7122ee730ba64af3769ea517af252103bddd907f681,HIPC,ideal,1.0,clue_search,19,361,4,0.25,90,90,hipc_topk_25,/home/agxorin/topk_filter_study/simulator/scenarios/final_trial_500.csv,1454.149022,01,44,6,38,267.46614999999997,6.0787761363636355,4.472289999999999,17.297941,17.600645,18.393310861092747,38,94.665424,2.4911953684210526,3.785941,0.291456,267.174694,18.393310861092747,completed
166,dcta_parity_v1,topk_filter,aa0724188407797eae5187348bee11ee9f51317c4e8a201863b052786aa2f1df,823213c90703fd83224ad7122ee730ba64af3769ea517af252103bddd907f681,HIPC,ideal,1.0,clue_search,19,361,4,0.25,90,90,hipc_topk_25,/home/agxorin/topk_filter_study/simulator/scenarios/final_trial_500.csv,1454.149022,02,38,7,31,253.41029199999997,6.668691894736841,6.6797845,17.118604,17.335661,17.426707178296336,31,75.187791,2.425412612903226,3.818989,0.310749,253.09954299999998,17.426707178296336,completed
166,dcta_parity_v1,topk_filter,aa0724188407797eae5187348bee11ee9f51317c4e8a201863b052786aa2f1df,823213c90703fd83224ad7122ee730ba64af3769ea517af252103bddd907f681,HIPC,ideal,1.0,clue_search,19,361,4,0.25,90,90,hipc_topk_25,/home/agxorin/topk_filter_study/simulator/scenarios/final_trial_500.csv,1454.149022,03,28,4,24,126.43855299999998,4.515662607142857,4.4298825,6.180537,17.30098,8.695020323714798,24,60.121242999999986,2.505051791666666,3.656852,0.23601299999999997,126.20253999999997,8.695020323714798,completed
202,dcta_parity_v1,topk_filter,aa0724188407797eae5187348bee11ee9f51317c4e8a201863b052786aa2f1df,823213c90703fd83224ad7122ee730ba64af3769ea517af252103bddd907f681,HIPC,ideal,1.0,clue_search,19,361,4,0.25,90,90,hipc_topk_25,/home/agxorin/topk_filter_study/simulator/scenarios/final_trial_500.csv,104.500045,00,34,34,0,1.3407719999999996,0.039434470588235286,0.035496,0.065267,0.107817,1.2830348541955172,0,0.0,0.0,0.0,1.3407719999999996,0.0,1.2830348541955172,completed
202,dcta_parity_v1,topk_filter,aa0724188407797eae5187348bee11ee9f51317c4e8a201863b052786aa2f1df,823213c90703fd83224ad7122ee730ba64af3769ea517af252103bddd907f681,HIPC,ideal,1.0,clue_search,19,361,4,0.25,90,90,hipc_topk_25,/home/agxorin/topk_filter_study/simulator/scenarios/final_trial_500.csv,104.500045,01,34,34,0,1.257874,0.03699629411764706,0.036152000000000004,0.041016,0.0597,1.2037066586909124,0,0.0,0.0,0.0,1.257874,0.0,1.2037066586909124,completed
202,dcta_parity_v1,topk_filter,aa0724188407797eae5187348bee11ee9f51317c4e8a201863b052786aa2f1df,823213c90703fd83224ad7122ee730ba64af3769ea517af252103bddd907f681,HIPC,ideal,1.0,clue_search,19,361,4,0.25,90,90,hipc_topk_25,/home/agxorin/topk_filter_study/simulator/scenarios/final_trial_500.csv,104.500045,02,34,34,0,1.2695509999999994,0.03733973529411763,0.0366,0.039416,0.060531,1.2148808165584994,0,0.0,0.0,0.0,1.2695509999999994,0.0,1.2148808165584994,completed
202,dcta_parity_v1,topk_filter,aa0724188407797eae5187348bee11ee9f51317c4e8a201863b052786aa2f1df,823213c90703fd83224ad7122ee730ba64af3769ea517af252103bddd907f681,HIPC,ideal,1.0,clue_search,19,361,4,0.25,90,90,hipc_topk_25,/home/agxorin/topk_filter_study/simulator/scenarios/final_trial_500.csv,104.500045,03,32,32,0,1.150477,0.03595240625,0.034473000000000004,0.048534,0.066258,1.100934454143058,0,0.0,0.0,0.0,1.150477,0.0,1.100934454143058,completed
238,dcta_parity_v1,topk_filter,aa0724188407797eae5187348bee11ee9f51317c4e8a201863b052786aa2f1df,823213c90703fd83224ad7122ee730ba64af3769ea517af252103bddd907f681,HIPC,ideal,1.0,clue_search,19,361,4,0.25,90,90,hipc_topk_25,/home/agxorin/topk_filter_study/simulator/scenarios/final_trial_500.csv,973.162993,00,31,13,18,226.29006900000002,7.299679645161291,5.652144,19.605162,19.942754,23.253049142611612,18,69.174875,3.843048611111111,4.432334,0.49215,225.797919,23.253049142611612,completed
238,dcta_parity_v1,topk_filter,aa0724188407797eae5187348bee11ee9f51317c4e8a201863b052786aa2f1df,823213c90703fd83224ad7122ee730ba64af3769ea517af252103bddd907f681,HIPC,ideal,1.0,clue_search,19,361,4,0.25,90,90,hipc_topk_25,/home/agxorin/topk_filter_study/simulator/scenarios/final_trial_500.csv,973.162993,01,27,13,14,116.97835700000002,4.332531740740741,5.742077,18.971473,19.071676,12.020428010665219,14,55.957437999999996,3.996959857142857,4.761481,0.507285,116.47107199999999,12.020428010665219,completed
238,dcta_parity_v1,topk_filter,aa0724188407797eae5187348bee11ee9f51317c4e8a201863b052786aa2f1df,823213c90703fd83224ad7122ee730ba64af3769ea517af252103bddd907f681,HIPC,ideal,1.0,clue_search,19,361,4,0.25,90,90,hipc_topk_25,/home/agxorin/topk_filter_study/simulator/scenarios/final_trial_500.csv,973.162993,02,33,13,20,238.60969800000004,7.23059690909091,5.804816,20.427515,20.895958,24.51898599888498,20,81.882444,4.0941222,4.972091,0.599426,238.01027200000004,24.51898599888498,completed
238,dcta_parity_v1,topk_filter,aa0724188407797eae5187348bee11ee9f51317c4e8a201863b052786aa2f1df,823213c90703fd83224ad7122ee730ba64af3769ea517af252103bddd907f681,HIPC,ideal,1.0,clue_search,19,361,4,0.25,90,90,hipc_topk_25,/home/agxorin/topk_filter_study/simulator/scenarios/final_trial_500.csv,973.162993,03,25,10,15,125.246108,5.00984432,5.92447,19.402709,19.991416,12.87000316502993,15,62.446814,4.163120933333333,4.914248,0.381359,124.864749,12.87000316502993,completed
274,dcta_parity_v1,topk_filter,aa0724188407797eae5187348bee11ee9f51317c4e8a201863b052786aa2f1df,823213c90703fd83224ad7122ee730ba64af3769ea517af252103bddd907f681,HIPC,ideal,1.0,clue_search,19,361,4,0.25,90,90,hipc_topk_25,/home/agxorin/topk_filter_study/simulator/scenarios/final_trial_500.csv,1083.195575,00,41,20,21,144.587761,3.526530756097561,4.554462,11.970226,17.370008,13.348259939115795,21,52.83149600000001,2.5157855238095244,2.951213,0.737317,143.85044399999998,13.348259939115795,completed
274,dcta_parity_v1,topk_filter,aa0724188407797eae5187348bee11ee9f51317c4e8a201863b052786aa2f1df,823213c90703fd83224ad7122ee730ba64af3769ea517af252103bddd907f681,HIPC,ideal,1.0,clue_search,19,361,4,0.25,90,90,hipc_topk_25,/home/agxorin/topk_filter_study/simulator/scenarios/final_trial_500.csv,1083.195575,01,43,20,23,226.151778,5.259343674418605,4.525923,17.758757,18.277559,20.878203642957093,23,61.347511,2.667283086956522,3.201369,0.7745529999999999,225.377225,20.878203642957093,completed
274,dcta_parity_v1,topk_filter,aa0724188407797eae5187348bee11ee9f51317c4e8a201863b052786aa2f1df,823213c90703fd83224ad7122ee730ba64af3769ea517af252103bddd907f681,HIPC,ideal,1.0,clue_search,19,361,4,0.25,90,90,hipc_topk_25,/home/agxorin/topk_filter_study/simulator/scenarios/final_trial_500.csv,1083.195575,02,39,20,19,166.48259,4.268784358974359,0.110729,17.617539,17.681238,15.369578111505856,19,51.364064,2.703371789473684,3.184924,0.8221959999999998,165.660394,15.369578111505856,completed
274,dcta_parity_v1,topk_filter,aa0724188407797eae5187348bee11ee9f51317c4e8a201863b052786aa2f1df,823213c90703fd83224ad7122ee730ba64af3769ea517af252103bddd907f681,HIPC,ideal,1.0,clue_search,19,361,4,0.25,90,90,hipc_topk_25,/home/agxorin/topk_filter_study/simulator/scenarios/final_trial_500.csv,1083.195575,03,45,18,27,191.175497,4.248344377777778,4.606962,11.910239,17.593512,17.64921325495629,27,70.079628,2.5955417777777776,3.216213,0.6696819999999999,190.505815,17.64921325495629,completed
310,dcta_parity_v1,topk_filter,aa0724188407797eae5187348bee11ee9f51317c4e8a201863b052786aa2f1df,823213c90703fd83224ad7122ee730ba64af3769ea517af252103bddd907f681,HIPC,ideal,1.0,clue_search,19,361,4,0.25,90,90,hipc_topk_25,/home/agxorin/topk_filter_study/simulator/scenarios/final_trial_500.csv,1538.515537,00,42,18,24,340.43321499999996,8.105552738095238,9.8546935,21.736397,22.532346,22.127382324901408,24,129.593691,5.399737125000001,5.797111,0.789947,339.643268,22.127382324901408,completed
310,dcta_parity_v1,topk_filter,aa0724188407797eae5187348bee11ee9f51317c4e8a201863b052786aa2f1df,823213c90703fd83224ad7122ee730ba64af3769ea517af252103bddd907f681,HIPC,ideal,1.0,clue_search,19,361,4,0.25,90,90,hipc_topk_25,/home/agxorin/topk_filter_study/simulator/scenarios/final_trial_500.csv,1538.515537,01,38,17,21,306.131945,8.056103815789474,10.379399500000002,20.894943,21.786051,19.897878028384188,21,116.863958,5.56495038095238,6.380763,0.668148,305.463797,19.897878028384188,completed
310,dcta_parity_v1,topk_filter,aa0724188407797eae5187348bee11ee9f51317c4e8a201863b052786aa2f1df,823213c90703fd83224ad7122ee730ba64af3769ea517af252103bddd907f681,HIPC,ideal,1.0,clue_search,19,361,4,0.25,90,90,hipc_topk_25,/home/agxorin/topk_filter_study/simulator/scenarios/final_trial_500.csv,1538.515537,02,37,18,19,179.751356,4.858144756756756,7.405673,20.745758,20.946036,11.683428062774253,19,106.965627,5.629769842105263,6.3576,0.751936,178.99942,11.683428062774253,completed
310,dcta_parity_v1,topk_filter,aa0724188407797eae5187348bee11ee9f51317c4e8a201863b052786aa2f1df,823213c90703fd83224ad7122ee730ba64af3769ea517af252103bddd907f681,HIPC,ideal,1.0,clue_search,19,361,4,0.25,90,90,hipc_topk_25,/home/agxorin/topk_filter_study/simulator/scenarios/final_trial_500.csv,1538.515537,03,38,15,23,336.12556800000004,8.845409684210528,7.8793215,21.871888,22.987194,21.847395097187118,23,132.882651,5.777506565217392,6.475399,0.5702139999999999,335.555354,21.847395097187118,completed
346,dcta_parity_v1,topk_filter,aa0724188407797eae5187348bee11ee9f51317c4e8a201863b052786aa2f1df,823213c90703fd83224ad7122ee730ba64af3769ea517af252103bddd907f681,HIPC,ideal,1.0,clue_search,19,361,4,0.25,90,90,hipc_topk_25,/home/agxorin/topk_filter_study/simulator/scenarios/final_trial_500.csv,1520.758484,00,33,9,24,202.119891,6.1248451818181815,7.83619,8.647148,21.259514,13.290729141182947,24,137.288239,5.7203432916666666,6.78709,0.354836,201.76505500000002,13.290729141182947,completed
346,dcta_parity_v1,topk_filter,aa0724188407797eae5187348bee11ee9f51317c4e8a201863b052786aa2f1df,823213c90703fd83224ad7122ee730ba64af3769ea517af252103bddd907f681,HIPC,ideal,1.0,clue_search,19,361,4,0.25,90,90,hipc_topk_25,/home/agxorin/topk_filter_study/simulator/scenarios/final_trial_500.csv,1520.758484,01,34,8,26,279.534631,8.221606794117648,7.3618245,21.520547,21.647241,18.381263950916747,26,143.566135,5.5217744230769235,7.041629,0.320476,279.214155,18.381263950916747,completed
346,dcta_parity_v1,topk_filter,aa0724188407797eae5187348bee11ee9f51317c4e8a201863b052786aa2f1df,823213c90703fd83224ad7122ee730ba64af3769ea517af252103bddd907f681,HIPC,ideal,1.0,clue_search,19,361,4,0.25,90,90,hipc_topk_25,/home/agxorin/topk_filter_study/simulator/scenarios/final_trial_500.csv,1520.758484,02,36,9,27,252.45584299999996,7.012662305555555,7.8023880000000005,21.659878,21.829602,16.60065326980612,27,161.61283,5.98566037037037,9.938078,0.357173,252.09866999999997,16.60065326980612,completed
346,dcta_parity_v1,topk_filter,aa0724188407797eae5187348bee11ee9f51317c4e8a201863b052786aa2f1df,823213c90703fd83224ad7122ee730ba64af3769ea517af252103bddd907f681,HIPC,ideal,1.0,clue_search,19,361,4,0.25,90,90,hipc_topk_25,/home/agxorin/topk_filter_study/simulator/scenarios/final_trial_500.csv,1520.758484,03,36,6,30,355.69729399999994,9.880480388888888,8.4017595,21.887478,22.074639,23.389466357894076,30,185.27899,6.175966333333333,7.444648,0.274727,355.42256699999996,23.389466357894076,completed
382,dcta_parity_v1,topk_filter,aa0724188407797eae5187348bee11ee9f51317c4e8a201863b052786aa2f1df,823213c90703fd83224ad7122ee730ba64af3769ea517af252103bddd907f681,HIPC,ideal,1.0,clue_search,19,361,4,0.25,90,90,hipc_topk_25,/home/agxorin/topk_filter_study/simulator/scenarios/final_trial_500.csv,8.766587,00,3,3,0,0.184761,0.061587,0.037144,0.116168,0.116168,2.1075590762973095,0,0.0,0.0,0.0,0.184761,0.0,2.1075590762973095,completed
382,dcta_parity_v1,topk_filter,aa0724188407797eae5187348bee11ee9f51317c4e8a201863b052786aa2f1df,823213c90703fd83224ad7122ee730ba64af3769ea517af252103bddd907f681,HIPC,ideal,1.0,clue_search,19,361,4,0.25,90,90,hipc_topk_25,/home/agxorin/topk_filter_study/simulator/scenarios/final_trial_500.csv,8.766587,01,2,2,0,0.104587,0.0522935,0.0522935,0.060372,0.060372,1.193018446061164,0,0.0,0.0,0.0,0.104587,0.0,1.193018446061164,completed
382,dcta_parity_v1,topk_filter,aa0724188407797eae5187348bee11ee9f51317c4e8a201863b052786aa2f1df,823213c90703fd83224ad7122ee730ba64af3769ea517af252103bddd907f681,HIPC,ideal,1.0,clue_search,19,361,4,0.25,90,90,hipc_topk_25,/home/agxorin/topk_filter_study/simulator/scenarios/final_trial_500.csv,8.766587,02,3,3,0,0.127653,0.042551,0.03836,0.053813,0.053813,1.4561311032446262,0,0.0,0.0,0.0,0.127653,0.0,1.4561311032446262,completed
382,dcta_parity_v1,topk_filter,aa0724188407797eae5187348bee11ee9f51317c4e8a201863b052786aa2f1df,823213c90703fd83224ad7122ee730ba64af3769ea517af252103bddd907f681,HIPC,ideal,1.0,clue_search,19,361,4,0.25,90,90,hipc_topk_25,/home/agxorin/topk_filter_study/simulator/scenarios/final_trial_500.csv,8.766587,03,1,1,0,0.063283,0.063283,0.063283,0.063283,0.063283,0.7218658755111882,0,0.0,0.0,0.0,0.063283,0.0,0.7218658755111882,completed
418,dcta_parity_v1,topk_filter,aa0724188407797eae5187348bee11ee9f51317c4e8a201863b052786aa2f1df,823213c90703fd83224ad7122ee730ba64af3769ea517af252103bddd907f681,HIPC,ideal,1.0,clue_search,19,361,4,0.25,90,90,hipc_topk_25,/home/agxorin/topk_filter_study/simulator/scenarios/final_trial_500.csv,2725.980257,00,115,13,102,467.4361829999999,4.064662460869564,3.143766,13.522523,19.038172,17.147452986854113,102,154.65267,1.5162026470588235,4.305118,0.472701,466.9634819999999,17.147452986854113,completed
418,dcta_parity_v1,topk_filter,aa0724188407797eae5187348bee11ee9f51317c4e8a201863b052786aa2f1df,823213c90703fd83224ad7122ee730ba64af3769ea517af252103bddd907f681,HIPC,ideal,1.0,clue_search,19,361,4,0.25,90,90,hipc_topk_25,/home/agxorin/topk_filter_study/simulator/scenarios/final_trial_500.csv,2725.980257,01,85,13,72,344.97459999999984,4.058524705882351,4.083152,8.882595,18.586139,12.655065975409954,72,138.975174,1.93021075,4.707434,0.499675,344.47492499999987,12.655065975409954,completed
418,dcta_parity_v1,topk_filter,aa0724188407797eae5187348bee11ee9f51317c4e8a201863b052786aa2f1df,823213c90703fd83224ad7122ee730ba64af3769ea517af252103bddd907f681,HIPC,ideal,1.0,clue_search,19,361,4,0.25,90,90,hipc_topk_25,/home/agxorin/topk_filter_study/simulator/scenarios/final_trial_500.csv,2725.980257,02,69,13,56,318.83593199999996,4.620810608695652,4.026492,18.731581,19.737451,11.69619373365843,56,121.28014099999999,2.1657168035714283,4.866665,0.486971,318.348961,11.69619373365843,completed
418,dcta_parity_v1,topk_filter,aa0724188407797eae5187348bee11ee9f51317c4e8a201863b052786aa2f1df,823213c90703fd83224ad7122ee730ba64af3769ea517af252103bddd907f681,HIPC,ideal,1.0,clue_search,19,361,4,0.25,90,90,hipc_topk_25,/home/agxorin/topk_filter_study/simulator/scenarios/final_trial_500.csv,2725.980257,03,71,10,61,347.399036,4.8929441690140845,4.073174,13.310452,19.50985,12.744004110371664,61,132.12422700000002,2.16597093442623,4.722023,0.408203,346.99083299999995,12.744004110371664,completed
454,dcta_parity_v1,topk_filter,aa0724188407797eae5187348bee11ee9f51317c4e8a201863b052786aa2f1df,823213c90703fd83224ad7122ee730ba64af3769ea517af252103bddd907f681,HIPC,ideal,1.0,clue_search,19,361,4,0.25,90,90,hipc_topk_25,/home/agxorin/topk_filter_study/simulator/scenarios/final_trial_500.csv,999.044497,00,41,19,22,131.187829,3.1997031463414634,4.249946,7.422696,16.870736,13.13132992513746,22,52.38885500000001,2.381311590909091,2.856084,0.658102,130.529727,13.13132992513746,completed
454,dcta_parity_v1,topk_filter,aa0724188407797eae5187348bee11ee9f51317c4e8a201863b052786aa2f1df,823213c90703fd83224ad7122ee730ba64af3769ea517af252103bddd907f681,HIPC,ideal,1.0,clue_search,19,361,4,0.25,90,90,hipc_topk_25,/home/agxorin/topk_filter_study/simulator/scenarios/final_trial_500.csv,999.044497,01,45,18,27,214.933737,4.776305266666667,4.510948,17.067208,17.285851,21.513930324967298,27,70.805898,2.6224406666666664,3.15084,0.7097129999999999,214.22402400000001,21.513930324967298,completed
454,dcta_parity_v1,topk_filter,aa0724188407797eae5187348bee11ee9f51317c4e8a201863b052786aa2f1df,823213c90703fd83224ad7122ee730ba64af3769ea517af252103bddd907f681,HIPC,ideal,1.0,clue_search,19,361,4,0.25,90,90,hipc_topk_25,/home/agxorin/topk_filter_study/simulator/scenarios/final_trial_500.csv,999.044497,02,44,19,25,192.28773400000003,4.370175772727273,4.3862214999999996,17.16178,17.264159,19.24716412306108,25,64.54395799999999,2.5817583199999996,3.220874,0.7385020000000001,191.54923200000002,19.24716412306108,completed
454,dcta_parity_v1,topk_filter,aa0724188407797eae5187348bee11ee9f51317c4e8a201863b052786aa2f1df,823213c90703fd83224ad7122ee730ba64af3769ea517af252103bddd907f681,HIPC,ideal,1.0,clue_search,19,361,4,0.25,90,90,hipc_topk_25,/home/agxorin/topk_filter_study/simulator/scenarios/final_trial_500.csv,999.044497,03,36,16,20,107.90978199999999,2.9974939444444444,4.3138365,7.586535,17.186255,10.801298873477505,20,51.53730599999999,2.5768652999999992,3.161462,0.5579649999999999,107.35181699999998,10.801298873477505,completed
490,dcta_parity_v1,topk_filter,aa0724188407797eae5187348bee11ee9f51317c4e8a201863b052786aa2f1df,823213c90703fd83224ad7122ee730ba64af3769ea517af252103bddd907f681,HIPC,ideal,1.0,clue_search,19,361,4,0.25,90,90,hipc_topk_25,/home/agxorin/topk_filter_study/simulator/scenarios/final_trial_500.csv,153.030056,00,53,53,0,1.8146400000000003,0.03423849056603774,0.033625,0.037273,0.053461,1.1858062706322217,0,0.0,0.0,0.0,1.8146400000000003,0.0,1.1858062706322217,completed
490,dcta_parity_v1,topk_filter,aa0724188407797eae5187348bee11ee9f51317c4e8a201863b052786aa2f1df,823213c90703fd83224ad7122ee730ba64af3769ea517af252103bddd907f681,HIPC,ideal,1.0,clue_search,19,361,4,0.25,90,90,hipc_topk_25,/home/agxorin/topk_filter_study/simulator/scenarios/final_trial_500.csv,153.030056,01,52,52,0,1.893529,0.03641401923076923,0.0358005,0.038968,0.064275,1.2373575815720803,0,0.0,0.0,0.0,1.893529,0.0,1.2373575815720803,completed
490,dcta_parity_v1,topk_filter,aa0724188407797eae5187348bee11ee9f51317c4e8a201863b052786aa2f1df,823213c90703fd83224ad7122ee730ba64af3769ea517af252103bddd907f681,HIPC,ideal,1.0,clue_search,19,361,4,0.25,90,90,hipc_topk_25,/home/agxorin/topk_filter_study/simulator/scenarios/final_trial_500.csv,153.030056,02,52,52,0,1.9381319999999997,0.037271769230769226,0.035208500000000004,0.039352,0.128677,1.266504143473619,0,0.0,0.0,0.0,1.9381319999999997,0.0,1.266504143473619,completed
490,dcta_parity_v1,topk_filter,aa0724188407797eae5187348bee11ee9f51317c4e8a201863b052786aa2f1df,823213c90703fd83224ad7122ee730ba64af3769ea517af252103bddd907f681,HIPC,ideal,1.0,clue_search,19,361,4,0.25,90,90,hipc_topk_25,/home/agxorin/topk_filter_study/simulator/scenarios/final_trial_500.csv,153.030056,03,50,50,0,1.7179270000000006,0.034358540000000014,0.03345,0.043255,0.055188,1.1226075745538513,0,0.0,0.0,0.0,1.7179270000000006,0.0,1.1226075745538513,completed
